S0 = 1500
t = 40 days

k = 1600
beta = 0.000002
sigma = 0.2
r = 0.01
European Option price: 1.324
American Option price: 1.325

k = 1600
beta = 0.000002
sigma = 0.2
r = 0.03
European Option price: 1.671
American Option price: 1.676

k = 1600
beta = 0.000002
sigma = 0.25
r = 0.02
European Option price: 3.395
American Option price: 3.400

k = 1600
beta = 0.000002
sigma = 0.25
r = 0.02
t = 180
European Option price: 83.442
American Option price: 83.471