S0 = 1500
t = 40 days

k = 1600
beta = 0.000002
sigma = 0.2
r = 0.01
European Option price: 1.392
American Option price: 1.392

k = 1600
beta = 0.000002
sigma = 0.2
r = 0.03
European Option price: 1.907
American Option price: 1.912

k = 1600
beta = 0.000002
sigma = 0.25
r = 0.02
European Option price: 3.570
American Option price: 3.575

k = 1600
beta = 0.000002
sigma = 0.25
r = 0.02
t = 180
European Option price: 77.931
American Option price: 80.389